#      Y(j)      U(NI/3,j)  U(NI/2,j)  U(NI/2+1,j) U(NI/2+2,j)  U(NI/3*2,j) V(NI/2,j)  V(NI/2+1,j) V(NI/2+2,j)	 #    Y(j)      U(NI/3,j)  U(NI/2,j)  U(NI/2+1,j) U(NI/2+2,j) U(NI/3*2,j) V(NI/2,j)  V(NI/2+1,j) V(NI/2+2,j)
  0.0000E+00  0.0000E+00  0.0000E+00  0.0000E+00  0.0000E+00  0.0000E+00  0.0000E+00  0.0000E+00  0.0000E+00	   0.0000000000000000        0.0000000000000000        0.0000000000000000        0.0000000000000000        0.0000000000000000        0.0000000000000000        0.0000000000000000        0.0000000000000000        0.0000000000000000     
  1.0417E-02  6.0126E-02 -4.4710E-04  0.0000E+00  0.0000E+00  0.0000E+00 -2.2355E-04  0.0000E+00  0.0000E+00	   1.0416666666666666E-002   6.0790031593293103E-002  -4.7616945140887537E-004   0.0000000000000000        0.0000000000000000        0.0000000000000000       -2.5966688374267255E-004   0.0000000000000000        0.0000000000000000     
  2.0833E-02  1.1887E-01 -7.9910E-04  0.0000E+00  0.0000E+00  0.0000E+00 -8.4666E-04  0.0000E+00  0.0000E+00	   2.0833333333333332E-002  0.12021544391620807       -8.3381357830082615E-004   0.0000000000000000        0.0000000000000000        0.0000000000000000       -9.1153210070949765E-004   0.0000000000000000        0.0000000000000000     
  3.1250E-02  1.7629E-01 -1.0829E-03  0.0000E+00  0.0000E+00  0.0000E+00 -1.7877E-03  0.0000E+00  0.0000E+00	   3.1250000000000000E-002  0.17830087435015590       -1.0284842430500791E-003   0.0000000000000000        0.0000000000000000        0.0000000000000000       -1.7744399752656101E-003   0.0000000000000000        0.0000000000000000     
  4.1667E-02  2.3239E-01 -1.1191E-03  0.0000E+00  0.0000E+00  0.0000E+00 -2.8887E-03  0.0000E+00  0.0000E+00	   4.1666666666666664E-002  0.23507005835952366       -1.0717301585907420E-003   0.0000000000000000        0.0000000000000000        0.0000000000000000       -2.7011757722250531E-003   0.0000000000000000        0.0000000000000000     
  5.2083E-02  2.8725E-01 -1.2114E-03  0.0000E+00  0.0000E+00  0.0000E+00 -4.0540E-03  0.0000E+00  0.0000E+00	   5.2083333333333329E-002  0.29054563894701685       -9.9207304283460218E-004   0.0000000000000000        0.0000000000000000        0.0000000000000000       -3.5752783819862069E-003   0.0000000000000000        0.0000000000000000     
  6.2500E-02  3.4082E-01 -1.0123E-03  0.0000E+00  0.0000E+00  0.0000E+00 -5.1658E-03  0.0000E+00  0.0000E+00	   6.2500000000000000E-002  0.34474899670505693       -8.1893273870104616E-004   0.0000000000000000        0.0000000000000000        0.0000000000000000       -4.3061434791392354E-003   0.0000000000000000        0.0000000000000000     
  7.2917E-02  3.9323E-01 -1.0058E-03  0.0000E+00  0.0000E+00  0.0000E+00 -6.1749E-03  0.0000E+00  0.0000E+00	   7.2916666666666657E-002  0.39770010124849892       -5.7696876893721704E-004   0.0000000000000000        0.0000000000000000        0.0000000000000000       -4.8237659302704690E-003   0.0000000000000000        0.0000000000000000     
  8.3333E-02  4.4440E-01 -6.4464E-04  0.0000E+00  0.0000E+00  0.0000E+00 -7.0001E-03  0.0000E+00  0.0000E+00	   8.3333333333333329E-002  0.44941738402809828       -2.8486814644227733E-004   0.0000000000000000        0.0000000000000000        0.0000000000000000       -5.0738012858213503E-003   0.0000000000000000        0.0000000000000000     
  9.3750E-02  4.9447E-01 -6.0509E-04  0.0000E+00  0.0000E+00  0.0000E+00 -7.6250E-03  0.0000E+00  0.0000E+00	   9.3750000000000000E-002  0.49991763203916473        4.4174241826584922E-005   0.0000000000000000        0.0000000000000000        0.0000000000000000       -5.0132169344134572E-003   0.0000000000000000        0.0000000000000000     
  1.0417E-01  5.4332E-01 -1.2008E-04  0.0000E+00  0.0000E+00  0.0000E+00 -7.9876E-03  0.0000E+00  0.0000E+00	  0.10416666666666666       0.54921590165183853        4.0149271923591891E-004   0.0000000000000000        0.0000000000000000        0.0000000000000000       -4.6065749577936278E-003   0.0000000000000000        0.0000000000000000     
  1.1458E-01  5.9113E-01 -8.6378E-05  0.0000E+00  0.0000E+00  0.0000E+00 -8.0908E-03  0.0000E+00  0.0000E+00	  0.11458333333333333       0.59732545163203232        7.8199537844026411E-004   0.0000000000000000        0.0000000000000000        0.0000000000000000       -3.8228718857746466E-003   0.0000000000000000        0.0000000000000000     
  1.2500E-01  6.3774E-01  5.1144E-04  0.0000E+00  0.0000E+00  0.0000E+00 -7.8783E-03  0.0000E+00  0.0000E+00	  0.12500000000000000       0.64425769435291458        1.1833842642993038E-003   0.0000000000000000        0.0000000000000000        0.0000000000000000       -2.6328063289077774E-003   0.0000000000000000        0.0000000000000000     
  1.3542E-01  6.8335E-01  5.1764E-04  0.0000E+00  0.0000E+00  0.0000E+00 -7.3638E-03  0.0000E+00  0.0000E+00	  0.13541666666666666       0.69002216418312634        1.6055858283107582E-003   0.0000000000000000        0.0000000000000000        0.0000000000000000       -1.0063218027610392E-003   0.0000000000000000        0.0000000000000000     
  1.4583E-01  7.2779E-01  1.2384E-03  0.0000E+00  0.0000E+00  0.0000E+00 -6.4858E-03  0.0000E+00  0.0000E+00	  0.14583333333333331       0.73462650206011482        2.0503798156688291E-003   0.0000000000000000        0.0000000000000000        0.0000000000000000        1.0897412628141645E-003   0.0000000000000000        0.0000000000000000     
  1.5625E-01  7.7123E-01  1.2066E-03  0.0000E+00  0.0000E+00  0.0000E+00 -5.2633E-03  0.0000E+00  0.0000E+00	  0.15625000000000000       0.77807645530270664        2.5212082178376130E-003   0.0000000000000000        0.0000000000000000        0.0000000000000000        3.6940666667706901E-003   0.0000000000000000        0.0000000000000000     
  1.6667E-01  8.1352E-01  2.0805E-03  0.0000E+00  0.0000E+00  0.0000E+00 -3.6197E-03  0.0000E+00  0.0000E+00	  0.16666666666666666       0.82037589177114556        3.0231597796915258E-003   0.0000000000000000        0.0000000000000000        0.0000000000000000        6.8535687931176037E-003   0.0000000000000000        0.0000000000000000     
  1.7708E-01  8.5481E-01  2.0091E-03  0.0000E+00  0.0000E+00  0.0000E+00 -1.5749E-03  0.0000E+00  0.0000E+00	  0.17708333333333331       0.86152682754268661        3.5631552127256341E-003   0.0000000000000000        0.0000000000000000        0.0000000000000000        1.0626649926767380E-002   0.0000000000000000        0.0000000000000000     
  1.8750E-01  8.9497E-01  3.0904E-03  0.0000E+00  0.0000E+00  0.0000E+00  9.7483E-04  0.0000E+00  0.0000E+00	  0.18750000000000000       0.90152946732820149        4.1504097754947039E-003   0.0000000000000000        0.0000000000000000        0.0000000000000000        1.5087365854351574E-002   0.0000000000000000        0.0000000000000000     
  1.9792E-01  9.3410E-01  2.9881E-03  0.0000E+00  0.0000E+00  0.0000E+00  4.0141E-03  0.0000E+00  0.0000E+00	  0.19791666666666666       0.94038225690667798        4.7973408370443234E-003   0.0000000000000000        0.0000000000000000        0.0000000000000000        2.0331007536320569E-002   0.0000000000000000        0.0000000000000000     
  2.0833E-01  9.7213E-01  4.3683E-03  0.0000E+00  0.0000E+00  0.0000E+00  7.6923E-03  0.0000E+00  0.0000E+00	  0.20833333333333331       0.97808194689763206        5.5212539211296971E-003   0.0000000000000000        0.0000000000000000        0.0000000000000000        2.6481849361269412E-002   0.0000000000000000        0.0000000000000000     
  2.1875E-01  1.0091E+00  4.2611E-03  0.0000E+00  0.0000E+00  0.0000E+00  1.2007E-02  0.0000E+00  0.0000E+00	  0.21875000000000000        1.0146236672239284        6.3474486296785163E-003   0.0000000000000000        0.0000000000000000        0.0000000000000000        3.3704203607013344E-002   0.0000000000000000        0.0000000000000000     
  2.2917E-01  1.0450E+00  6.0953E-03  0.0000E+00  0.0000E+00  0.0000E+00  1.7185E-02  0.0000E+00  0.0000E+00	  0.22916666666666666        1.0500010116366547        7.3149607068055400E-003   0.0000000000000000        0.0000000000000000        0.0000000000000000        4.2218544553306814E-002   0.0000000000000000        0.0000000000000000     
  2.3958E-01  1.0796E+00  6.0460E-03  0.0000E+00  0.0000E+00  0.0000E+00  2.3256E-02  0.0000E+00  0.0000E+00	  0.23958333333333331        1.0842061316847817        8.4872292326257440E-003   0.0000000000000000        0.0000000000000000        0.0000000000000000        5.2325468981704260E-002   0.0000000000000000        0.0000000000000000     
  2.5000E-01  1.1134E+00  8.6134E-03  0.0000E+00  0.0000E+00  0.0000E+00  3.0586E-02  0.0000E+00  0.0000E+00	  0.25000000000000000        1.1172298395043110        9.9719721406931611E-003   0.0000000000000000        0.0000000000000000        0.0000000000000000        6.4441880872441473E-002   0.0000000000000000        0.0000000000000000     
  2.6042E-01  1.1457E+00  8.7703E-03  0.0000E+00  0.0000E+00  0.0000E+00  3.9277E-02  0.0000E+00  0.0000E+00	  0.26041666666666663        1.1490617187875729        1.1958239141466348E-002   0.0000000000000000        0.0000000000000000        0.0000000000000000        7.9156421215985498E-002   0.0000000000000000        0.0000000000000000     
  2.7083E-01  1.1772E+00  1.2616E-02  0.0000E+00  0.0000E+00  0.0000E+00  4.9971E-02  0.0000E+00  0.0000E+00	  0.27083333333333331        1.1796902432653589        1.4785373398145424E-002   0.0000000000000000        0.0000000000000000        0.0000000000000000        9.7315465574775870E-002   0.0000000000000000        0.0000000000000000     
  2.8125E-01  1.2071E+00  1.3347E-02  0.0000E+00  0.0000E+00  0.0000E+00  6.2952E-02  0.0000E+00  0.0000E+00	  0.28125000000000000        1.2091029019964048        1.9070905859834994E-002   0.0000000000000000        0.0000000000000000        0.0000000000000000       0.12015808611072058        0.0000000000000000        0.0000000000000000     
  2.9167E-01  1.2364E+00  1.9659E-02  0.0000E+00  0.0000E+00  0.0000E+00  7.9455E-02  0.0000E+00  0.0000E+00	  0.29166666666666663        1.2372863307123492        2.5946497885833281E-002   0.0000000000000000        0.0000000000000000        0.0000000000000000       0.14953010112506693        0.0000000000000000        0.0000000000000000     
  3.0208E-01  1.2638E+00  2.1959E-02  0.0000E+00  0.0000E+00  0.0000E+00  1.0026E-01  0.0000E+00  0.0000E+00	  0.30208333333333331        1.2642264484155787        3.7490183846499464E-002   0.0000000000000000        0.0000000000000000        0.0000000000000000       0.18822697599311572        0.0000000000000000        0.0000000000000000     
  3.1250E-01  1.2907E+00  3.3717E-02  0.0000E+00  0.0000E+00  0.0000E+00  1.2810E-01  0.0000E+00  0.0000E+00	  0.31250000000000000        1.2899085983678868        5.7511231504298904E-002   0.0000000000000000        0.0000000000000000        0.0000000000000000       0.24054870513774532        0.0000000000000000        0.0000000000000000     
  3.2292E-01  1.3155E+00  4.0620E-02  0.0000E+00  0.0000E+00  0.0000E+00  1.6527E-01  0.0000E+00  0.0000E+00	  0.32291666666666663        1.3143176925497135        9.2959497766563870E-002   0.0000000000000000        0.0000000000000000        0.0000000000000000       0.31320761321090007        0.0000000000000000        0.0000000000000000     
  3.3333E-01  1.3401E+00  6.6855E-02  0.0000E+00  0.0000E+00  0.0000E+00  2.1901E-01  0.0000E+00  0.0000E+00	  0.33333333333333331        1.3374383586090310       0.15642107648106712        0.0000000000000000        0.0000000000000000        0.0000000000000000       0.41683294330312903        0.0000000000000000        0.0000000000000000     
  3.4375E-01  1.3620E+00  8.9242E-02  0.0000E+00  0.0000E+00  0.0000E+00  2.9706E-01  0.0000E+00  0.0000E+00	  0.34375000000000000        1.3592550882630756       0.27046037639073051        0.0000000000000000        0.0000000000000000        0.0000000000000000       0.56850626293667961        0.0000000000000000        0.0000000000000000     
  3.5417E-01  1.3841E+00  1.6599E-01  0.0000E+00  0.0000E+00  0.0000E+00  4.2467E-01  0.0000E+00  0.0000E+00	  0.35416666666666663        1.3797523860616174       0.47500796123450206        0.0000000000000000        0.0000000000000000        0.0000000000000000       0.79613024077555372        0.0000000000000000        0.0000000000000000     
  3.6458E-01  1.4033E+00  2.5371E-01  0.0000E+00  0.0000E+00  0.0000E+00  6.3453E-01  0.0000E+00  0.0000E+00	  0.36458333333333331        1.3989149173745261       0.83958097210637372        0.0000000000000000        0.0000000000000000        0.0000000000000000        1.1461902662913910        0.0000000000000000        0.0000000000000000     
  3.7500E-01  1.4228E+00  6.6286E-01  0.0000E+00  0.0000E+00  0.0000E+00  1.0928E+00  0.0000E+00  0.0000E+00	  0.37500000000000000        1.4167276544309853        1.3116717453706346        0.0000000000000000        0.0000000000000000        0.0000000000000000        1.1881855553435148        0.0000000000000000        0.0000000000000000     
  3.8542E-01  1.4391E+00  1.6169E+00  1.4085E+00  1.0036E+00  9.5986E-01  1.2989E+00  2.2954E-01 -2.7104E-02	  0.38541666666666663        1.4331760192097300        1.8613895299396912        1.7874226118225565        1.3431295175919624       0.95989583210697260        1.2671795625513496       0.76523522721055337       0.33344579516053863     
  3.9583E-01  1.4559E+00  2.3820E+00  2.2860E+00  2.0246E+00  1.8364E+00  1.2108E+00  4.6984E-01  6.5726E-02	  0.39583333333333331        1.4482460219669360        2.4149100571769355        2.4816310187241357        2.2843539457461235        1.8363224630913138        1.2854726136536772       0.90816404347345903       0.46413267246083179     
  4.0625E-01  1.4692E+00  2.9927E+00  3.0089E+00  2.8304E+00  2.6291E+00  1.1516E+00  5.6900E-01  1.8652E-01	  0.40625000000000000        1.4619243941888633        2.9266744831919378        3.0710203075632831        3.0179212575124250        2.6292798920403220        1.2518389557062348       0.95034984755079865       0.54552751220423390     
  4.1667E-01  1.4832E+00  3.5177E+00  3.5908E+00  3.5198E+00  3.3389E+00  1.0558E+00  6.2021E-01  2.6005E-01	  0.41666666666666663        1.4741987147722149        3.3808821607235937        3.5740533237213938        3.6133906772634301        3.3387681181455839        1.1795589076898934       0.93177616074785652       0.58175307235780416     
  4.2708E-01  1.4935E+00  3.9559E+00  4.0886E+00  4.0828E+00  3.9646E+00  9.6202E-01  6.1108E-01  3.0756E-01	  0.42708333333333331        1.4850575282666163        3.7744299563554939        4.0023992769649803        4.1061598861518345        3.9647871408099640        1.0786562710849106       0.87367290635622030       0.57987225946632925     
  4.3750E-01  1.5046E+00  4.3306E+00  4.4986E+00  4.5579E+00  4.5076E+00  8.4654E-01  5.7620E-01  3.1569E-01	  0.43750000000000000        1.4944904540616977        4.1087475414098806        4.3636772993845749        4.5150497565463166        4.5073369597085993       0.95638361119087567       0.78810093991953667       0.54701792704770469     
  4.4792E-01  1.5119E+00  4.6373E+00  4.8419E+00  4.9413E+00  4.9661E+00  7.2606E-01  5.1033E-01  3.0221E-01	  0.44791666666666663        1.5024882854651542        4.3864754705621678        4.6630348116634996        4.8506469308483400        4.9664175747994017       0.81801562622012347       0.68253319492162534       0.48953205592453120     
  4.5833E-01  1.5199E+00  4.8879E+00  5.1139E+00  5.2519E+00  5.3423E+00  5.9120E-01  4.2986E-01  2.6396E-01	  0.45833333333333331        1.5090430776988129        4.6102127575907215        4.9040485186165101        5.1192850569536184        5.3420289862856407       0.66751551759230132       0.56208234152520664       0.41285529035691609     
  4.6875E-01  1.5242E+00  5.0780E+00  5.3258E+00  5.4856E+00  5.6339E+00  4.5153E-01  3.3262E-01  2.1226E-01	  0.46875000000000000        1.5141482239350690        4.7821114320492208        5.0892391395552909        5.3249603231298455        5.6341711945396415       0.50800810073008162       0.43060706744786215       0.32166034318894149     
  4.7917E-01  1.5291E+00  5.2151E+00  5.4730E+00  5.6534E+00  5.8432E+00  3.0367E-01  2.2761E-01  1.4715E-01	  0.47916666666666663        1.5177985186039051        4.9037932997061153        5.2203663918852730        5.4702629321748919        5.8428442000047092       0.34209446292775442       0.29127825707399624       0.22003821995397491     
  4.8958E-01  1.5304E+00  5.2949E+00  5.5632E+00  5.7508E+00  5.9677E+00  1.5317E-01  1.1503E-01  7.5695E-02	  0.48958333333333331        1.5199902073245661        4.9763718103351131        5.2985976449078125        5.5568347220368794        5.9680480030909315       0.17205761705229156       0.14688283176308203       0.11167421118245446     
  5.0000E-01  1.5322E+00  5.3231E+00  5.5913E+00  5.7851E+00  6.0101E+00  1.4725E-08 -3.0288E-09 -1.0734E-08	  0.50000000000000000        1.5207210229464643        5.0004939921322560        5.3246019895841608        5.5855933214205731        6.0097826040854523        4.7855858791469799E-014   1.5313441138208493E-014   2.1791432117239405E-014
  5.1042E-01  1.5304E+00  5.2949E+00  5.5632E+00  5.7508E+00  5.9677E+00 -1.5317E-01 -1.1503E-01 -7.5695E-02	  0.51041666666666663        1.5199902073245950        4.9763718103351193        5.2985976449077388        5.5568347220369496        5.9680480030910283      -0.17205761705230962      -0.14688283176310959      -0.11167421118252090     
  5.2083E-01  1.5291E+00  5.2151E+00  5.4730E+00  5.6534E+00  5.8432E+00 -3.0367E-01 -2.2761E-01 -1.4715E-01	  0.52083333333333326        1.5177985186038967        4.9037932997061198        5.2203663918852543        5.4702629321749425        5.8428442000047696      -0.34209446292780393      -0.29127825707402444      -0.22003821995390233     
  5.3125E-01  1.5242E+00  5.0780E+00  5.3258E+00  5.4856E+00  5.6339E+00 -4.5153E-01 -3.3262E-01 -2.1226E-01	  0.53125000000000000        1.5141482239350987        4.7821114320491782        5.0892391395553265        5.3249603231298304        5.6341711945397037      -0.50800810073008029      -0.43060706744783361      -0.32166034318900949     
  5.4167E-01  1.5199E+00  4.8879E+00  5.1139E+00  5.2519E+00  5.3423E+00 -5.9120E-01 -4.2986E-01 -2.6396E-01	  0.54166666666666663        1.5090430776988188        4.6102127575906557        4.9040485186165208        5.1192850569535908        5.3420289862856221      -0.66751551759220673      -0.56208234152520908      -0.41285529035693935     
  5.5208E-01  1.5119E+00  4.6373E+00  4.8419E+00  4.9413E+00  4.9661E+00 -7.2606E-01 -5.1033E-01 -3.0221E-01	  0.55208333333333326        1.5024882854650816        4.3864754705621358        4.6630348116634739        4.8506469308482902        4.9664175747994319      -0.81801562622020385      -0.68253319492166042      -0.48953205592458660     
  5.6250E-01  1.5046E+00  4.3306E+00  4.4986E+00  4.5579E+00  4.5076E+00 -8.4654E-01 -5.7620E-01 -3.1569E-01	  0.56250000000000000        1.4944904540617356        4.1087475414099233        4.3636772993845190        4.5150497565462970        4.5073369597085371      -0.95638361119085857      -0.78810093991945340      -0.54701792704761310     
  5.7292E-01  1.4935E+00  3.9559E+00  4.0886E+00  4.0828E+00  3.9646E+00 -9.6202E-01 -6.1108E-01 -3.0756E-01	  0.57291666666666663        1.4850575282666016        3.7744299563554748        4.0023992769649226        4.1061598861518807        3.9647871408099640       -1.0786562710848933      -0.87367290635634220      -0.57987225946637300     
  5.8333E-01  1.4832E+00  3.5177E+00  3.5908E+00  3.5198E+00  3.3389E+00 -1.0558E+00 -6.2021E-01 -2.6005E-01	  0.58333333333333326        1.4741987147721947        3.3808821607235662        3.5740533237213454        3.6133906772634754        3.3387681181456803       -1.1795589076899624      -0.93177616074778813      -0.58175307235779639     
  5.9375E-01  1.4692E+00  2.9927E+00  3.0089E+00  2.8304E+00  2.6291E+00 -1.1516E+00 -5.6900E-01 -1.8652E-01	  0.59375000000000000        1.4619243941888951        2.9266744831919969        3.0710203075632596        3.0179212575124068        2.6292798920403539       -1.2518389557062608      -0.95034984755079233      -0.54552751220417695     
  6.0417E-01  1.4559E+00  2.3820E+00  2.2860E+00  2.0246E+00  1.8364E+00 -1.2108E+00 -4.6984E-01 -6.5726E-02	  0.60416666666666663        1.4482460219669324        2.4149100571769715        2.4816310187241806        2.2843539457461270        1.8363224630913244       -1.2854726136536858      -0.90816404347345236      -0.46413267246077838     
  6.1458E-01  1.4391E+00  1.6169E+00  1.4085E+00  1.0036E+00  9.5986E-01 -1.2989E+00 -2.2954E-01  2.7104E-02	  0.61458333333333326        1.4331760192097134        1.8613895299397059        1.7874226118226275        1.3431295175920215       0.95989583210698615       -1.2671795625513758      -0.76523522721063442      -0.33344579516059747     
  6.2500E-01  1.4228E+00  6.6286E-01  0.0000E+00  0.0000E+00  0.0000E+00 -1.0928E+00  0.0000E+00  0.0000E+00	  0.62500000000000000        1.4167276544309422        1.3116717453706297        0.0000000000000000        0.0000000000000000        0.0000000000000000       -1.1881855553435479        0.0000000000000000        0.0000000000000000     
  6.3542E-01  1.4033E+00  2.5371E-01  0.0000E+00  0.0000E+00  0.0000E+00 -6.3453E-01  0.0000E+00  0.0000E+00	  0.63541666666666663        1.3989149173744937       0.83958097210639060        0.0000000000000000        0.0000000000000000        0.0000000000000000       -1.1461902662913681        0.0000000000000000        0.0000000000000000     
  6.4583E-01  1.3841E+00  1.6599E-01  0.0000E+00  0.0000E+00  0.0000E+00 -4.2467E-01  0.0000E+00  0.0000E+00	  0.64583333333333326        1.3797523860615668       0.47500796123450706        0.0000000000000000        0.0000000000000000        0.0000000000000000      -0.79613024077559136        0.0000000000000000        0.0000000000000000     
  6.5625E-01  1.3620E+00  8.9242E-02  0.0000E+00  0.0000E+00  0.0000E+00 -2.9706E-01  0.0000E+00  0.0000E+00	  0.65625000000000000        1.3592550882630443       0.27046037639075282        0.0000000000000000        0.0000000000000000        0.0000000000000000      -0.56850626293667028        0.0000000000000000        0.0000000000000000     
  6.6667E-01  1.3401E+00  6.6855E-02  0.0000E+00  0.0000E+00  0.0000E+00 -2.1901E-01  0.0000E+00  0.0000E+00	  0.66666666666666663        1.3374383586089642       0.15642107648102838        0.0000000000000000        0.0000000000000000        0.0000000000000000      -0.41683294330317378        0.0000000000000000        0.0000000000000000     
  6.7708E-01  1.3155E+00  4.0620E-02  0.0000E+00  0.0000E+00  0.0000E+00 -1.6527E-01  0.0000E+00  0.0000E+00	  0.67708333333333326        1.3143176925497275        9.2959497766570365E-002   0.0000000000000000        0.0000000000000000        0.0000000000000000      -0.31320761321101276        0.0000000000000000        0.0000000000000000     
  6.8750E-01  1.2907E+00  3.3717E-02  0.0000E+00  0.0000E+00  0.0000E+00 -1.2810E-01  0.0000E+00  0.0000E+00	  0.68750000000000000        1.2899085983679182        5.7511231504333044E-002   0.0000000000000000        0.0000000000000000        0.0000000000000000      -0.24054870513771359        0.0000000000000000        0.0000000000000000     
  6.9792E-01  1.2638E+00  2.1959E-02  0.0000E+00  0.0000E+00  0.0000E+00 -1.0026E-01  0.0000E+00  0.0000E+00	  0.69791666666666663        1.2642264484155175        3.7490183846485475E-002   0.0000000000000000        0.0000000000000000        0.0000000000000000      -0.18822697599317523        0.0000000000000000        0.0000000000000000     
  7.0833E-01  1.2364E+00  1.9659E-02  0.0000E+00  0.0000E+00  0.0000E+00 -7.9455E-02  0.0000E+00  0.0000E+00	  0.70833333333333326        1.2372863307122826        2.5946497885865477E-002   0.0000000000000000        0.0000000000000000        0.0000000000000000      -0.14953010112498688        0.0000000000000000        0.0000000000000000     
  7.1875E-01  1.2071E+00  1.3347E-02  0.0000E+00  0.0000E+00  0.0000E+00 -6.2952E-02  0.0000E+00  0.0000E+00	  0.71875000000000000        1.2091029019964090        1.9070905859850634E-002   0.0000000000000000        0.0000000000000000        0.0000000000000000      -0.12015808611074512        0.0000000000000000        0.0000000000000000     
  7.2917E-01  1.1772E+00  1.2616E-02  0.0000E+00  0.0000E+00  0.0000E+00 -4.9970E-02  0.0000E+00  0.0000E+00	  0.72916666666666663        1.1796902432653447        1.4785373398085208E-002   0.0000000000000000        0.0000000000000000        0.0000000000000000       -9.7315465574771720E-002   0.0000000000000000        0.0000000000000000     
  7.3958E-01  1.1457E+00  8.7703E-03  0.0000E+00  0.0000E+00  0.0000E+00 -3.9277E-02  0.0000E+00  0.0000E+00	  0.73958333333333326        1.1490617187875591        1.1958239141425325E-002   0.0000000000000000        0.0000000000000000        0.0000000000000000       -7.9156421216054193E-002   0.0000000000000000        0.0000000000000000     
  7.5000E-01  1.1134E+00  8.6134E-03  0.0000E+00  0.0000E+00  0.0000E+00 -3.0586E-02  0.0000E+00  0.0000E+00	  0.75000000000000000        1.1172298395043048        9.9719721406727815E-003   0.0000000000000000        0.0000000000000000        0.0000000000000000       -6.4441880872499593E-002   0.0000000000000000        0.0000000000000000     
  7.6042E-01  1.0796E+00  6.0460E-03  0.0000E+00  0.0000E+00  0.0000E+00 -2.3256E-02  0.0000E+00  0.0000E+00	  0.76041666666666663        1.0842061316847951        8.4872292325930548E-003   0.0000000000000000        0.0000000000000000        0.0000000000000000       -5.2325468981639423E-002   0.0000000000000000        0.0000000000000000     
  7.7083E-01  1.0450E+00  6.0953E-03  0.0000E+00  0.0000E+00  0.0000E+00 -1.7185E-02  0.0000E+00  0.0000E+00	  0.77083333333333326        1.0500010116366325        7.3149607067467259E-003   0.0000000000000000        0.0000000000000000        0.0000000000000000       -4.2218544553433407E-002   0.0000000000000000        0.0000000000000000     
  7.8125E-01  1.0091E+00  4.2611E-03  0.0000E+00  0.0000E+00  0.0000E+00 -1.2007E-02  0.0000E+00  0.0000E+00	  0.78125000000000000        1.0146236672238671        6.3474486296906038E-003   0.0000000000000000        0.0000000000000000        0.0000000000000000       -3.3704203607070486E-002   0.0000000000000000        0.0000000000000000     
  7.9167E-01  9.7213E-01  4.3683E-03  0.0000E+00  0.0000E+00  0.0000E+00 -7.6923E-03  0.0000E+00  0.0000E+00	  0.79166666666666663       0.97808194689762074        5.5212539211338257E-003   0.0000000000000000        0.0000000000000000        0.0000000000000000       -2.6481849361196838E-002   0.0000000000000000        0.0000000000000000     
  8.0208E-01  9.3410E-01  2.9881E-03  0.0000E+00  0.0000E+00  0.0000E+00 -4.0141E-03  0.0000E+00  0.0000E+00	  0.80208333333333326       0.94038225690663613        4.7973408370124357E-003   0.0000000000000000        0.0000000000000000        0.0000000000000000       -2.0331007536458501E-002   0.0000000000000000        0.0000000000000000     
  8.1250E-01  8.9497E-01  3.0904E-03  0.0000E+00  0.0000E+00  0.0000E+00 -9.7483E-04  0.0000E+00  0.0000E+00	  0.81250000000000000       0.90152946732822259        4.1504097755067741E-003   0.0000000000000000        0.0000000000000000        0.0000000000000000       -1.5087365854283982E-002   0.0000000000000000        0.0000000000000000     
  8.2292E-01  8.5481E-01  2.0091E-03  0.0000E+00  0.0000E+00  0.0000E+00  1.5749E-03  0.0000E+00  0.0000E+00	  0.82291666666666663       0.86152682754269094        3.5631552127120929E-003   0.0000000000000000        0.0000000000000000        0.0000000000000000       -1.0626649926691482E-002   0.0000000000000000        0.0000000000000000     
  8.3333E-01  8.1352E-01  2.0804E-03  0.0000E+00  0.0000E+00  0.0000E+00  3.6197E-03  0.0000E+00  0.0000E+00	  0.83333333333333326       0.82037589177114045        3.0231597796628682E-003   0.0000000000000000        0.0000000000000000        0.0000000000000000       -6.8535687931816427E-003   0.0000000000000000        0.0000000000000000     
  8.4375E-01  7.7123E-01  1.2066E-03  0.0000E+00  0.0000E+00  0.0000E+00  5.2633E-03  0.0000E+00  0.0000E+00	  0.84375000000000000       0.77807645530271374        2.5212082179011906E-003   0.0000000000000000        0.0000000000000000        0.0000000000000000       -3.6940666668040939E-003   0.0000000000000000        0.0000000000000000     
  8.5417E-01  7.2779E-01  1.2384E-03  0.0000E+00  0.0000E+00  0.0000E+00  6.4858E-03  0.0000E+00  0.0000E+00	  0.85416666666666663       0.73462650206005364        2.0503798156902824E-003   0.0000000000000000        0.0000000000000000        0.0000000000000000       -1.0897412628092032E-003   0.0000000000000000        0.0000000000000000     
  8.6458E-01  6.8335E-01  5.1764E-04  0.0000E+00  0.0000E+00  0.0000E+00  7.3638E-03  0.0000E+00  0.0000E+00	  0.86458333333333326       0.69002216418303075        1.6055858283152910E-003   0.0000000000000000        0.0000000000000000        0.0000000000000000        1.0063218027755172E-003   0.0000000000000000        0.0000000000000000     
  8.7500E-01  6.3774E-01  5.1144E-04  0.0000E+00  0.0000E+00  0.0000E+00  7.8783E-03  0.0000E+00  0.0000E+00	  0.87500000000000000       0.64425769435289149        1.1833842642589455E-003   0.0000000000000000        0.0000000000000000        0.0000000000000000        2.6328063289429264E-003   0.0000000000000000        0.0000000000000000     
  8.8542E-01  5.9113E-01 -8.6380E-05  0.0000E+00  0.0000E+00  0.0000E+00  8.0909E-03  0.0000E+00  0.0000E+00	  0.88541666666666663       0.59732545163201378        7.8199537852365920E-004   0.0000000000000000        0.0000000000000000        0.0000000000000000        3.8228718856470958E-003   0.0000000000000000        0.0000000000000000     
  8.9583E-01  5.4332E-01 -1.2008E-04  0.0000E+00  0.0000E+00  0.0000E+00  7.9876E-03  0.0000E+00  0.0000E+00	  0.89583333333333326       0.54921590165185386        4.0149271929385173E-004   0.0000000000000000        0.0000000000000000        0.0000000000000000        4.6065749578566365E-003   0.0000000000000000        0.0000000000000000     
  9.0625E-01  4.9447E-01 -6.0510E-04  0.0000E+00  0.0000E+00  0.0000E+00  7.6250E-03  0.0000E+00  0.0000E+00	  0.90625000000000000       0.49991763203922851        4.4174241833197687E-005   0.0000000000000000        0.0000000000000000        0.0000000000000000        5.0132169345076250E-003   0.0000000000000000        0.0000000000000000     
  9.1667E-01  4.4440E-01 -6.4465E-04  0.0000E+00  0.0000E+00  0.0000E+00  7.0002E-03  0.0000E+00  0.0000E+00	  0.91666666666666663       0.44941738402814352       -2.8486814640840945E-004   0.0000000000000000        0.0000000000000000        0.0000000000000000        5.0738012857814863E-003   0.0000000000000000        0.0000000000000000     
  9.2708E-01  3.9323E-01 -1.0058E-03  0.0000E+00  0.0000E+00  0.0000E+00  6.1749E-03  0.0000E+00  0.0000E+00	  0.92708333333333326       0.39770010124849392       -5.7696876894211373E-004   0.0000000000000000        0.0000000000000000        0.0000000000000000        4.8237659302699139E-003   0.0000000000000000        0.0000000000000000     
  9.3750E-01  3.4082E-01 -1.0123E-03  0.0000E+00  0.0000E+00  0.0000E+00  5.1658E-03  0.0000E+00  0.0000E+00	  0.93750000000000000       0.34474899670503922       -8.1893273867767119E-004   0.0000000000000000        0.0000000000000000        0.0000000000000000        4.3061434791523082E-003   0.0000000000000000        0.0000000000000000     
  9.4792E-01  2.8725E-01 -1.2114E-03  0.0000E+00  0.0000E+00  0.0000E+00  4.0540E-03  0.0000E+00  0.0000E+00	  0.94791666666666663       0.29054563894701896       -9.9207304280056908E-004   0.0000000000000000        0.0000000000000000        0.0000000000000000        3.5752783820539556E-003   0.0000000000000000        0.0000000000000000     
  9.5833E-01  2.3239E-01 -1.1191E-03  0.0000E+00  0.0000E+00  0.0000E+00  2.8887E-03  0.0000E+00  0.0000E+00	  0.95833333333333326       0.23507005835957986       -1.0717301586095800E-003   0.0000000000000000        0.0000000000000000        0.0000000000000000        2.7011757722046901E-003   0.0000000000000000        0.0000000000000000     
  9.6875E-01  1.7629E-01 -1.0829E-03  0.0000E+00  0.0000E+00  0.0000E+00  1.7877E-03  0.0000E+00  0.0000E+00	  0.96875000000000000       0.17830087435014574       -1.0284842430958439E-003   0.0000000000000000        0.0000000000000000        0.0000000000000000        1.7744399751413557E-003   0.0000000000000000        0.0000000000000000     
  9.7917E-01  1.1887E-01 -7.9910E-04  0.0000E+00  0.0000E+00  0.0000E+00  8.4667E-04  0.0000E+00  0.0000E+00	  0.97916666666666663       0.12021544391619268       -8.3381357835450327E-004   0.0000000000000000        0.0000000000000000        0.0000000000000000        9.1153210082234532E-004   0.0000000000000000        0.0000000000000000     
  9.8958E-01  6.0126E-02 -4.4710E-04  0.0000E+00  0.0000E+00  0.0000E+00  2.2356E-04  0.0000E+00  0.0000E+00	  0.98958333333333326        6.0790031593334459E-002  -4.7616945143337877E-004   0.0000000000000000        0.0000000000000000        0.0000000000000000        2.5966688373316486E-004   0.0000000000000000        0.0000000000000000     
  1.0000E+00  0.0000E+00  0.0000E+00  0.0000E+00  0.0000E+00  0.0000E+00  0.0000E+00  0.0000E+00  0.0000E+00	   1.0000000000000000        0.0000000000000000        0.0000000000000000        0.0000000000000000        0.0000000000000000        0.0000000000000000        0.0000000000000000        0.0000000000000000        0.0000000000000000     
