   0.0000000000000000                       Infinity   0.0000000000000000        0.0000000000000000     
  0.25000000000000000        8.2414161024557497       0.13615667127436804        1.4818300833149415E-002
  0.50000000000000000        7.8125333858296981       0.14859177073225946        2.0592317723355725E-002
  0.75000000000000000        7.8238088678317093       0.15026772196695112        2.2452738639381662E-002
   1.0000000000000000        7.8420676681339216       0.15049360247258700        2.2976212631196185E-002
   1.2500000000000000        7.8483347604067433       0.15052296587520958        2.3107401869861949E-002
   1.5000000000000000        7.8499338145282085       0.15052661823668545        2.3137009148611720E-002
   1.7500000000000000        7.8502811162474702       0.15052705162454560        2.3143078338502036E-002
   2.0000000000000000        7.8503482668878117       0.15052710061304106        2.3144216949404637E-002
   2.2500000000000000        7.8503600712813464       0.15052710588591658        2.3144413764792166E-002
   2.5000000000000000        7.8503619813411385       0.15052710642655429        2.3144445298721547E-002
   2.7500000000000000        7.8503622682206879       0.15052710647940984        2.3144450006582693E-002
   3.0000000000000000        7.8503623084669556       0.15052710648434361        2.3144450664566128E-002
   3.2500000000000000        7.8503623137672047       0.15052710648478390        2.3144450751010081E-002
   3.5000000000000000        7.8503623144251842       0.15052710648482157        2.3144450761724337E-002
   3.7500000000000000        7.8503623145024566       0.15052710648482462        2.3144450762981248E-002
   4.0000000000000000        7.8503623145110710       0.15052710648482479        2.3144450763121192E-002
   4.2500000000000000        7.8503623145119850       0.15052710648482481        2.3144450763136031E-002
   4.5000000000000000        7.8503623145120756       0.15052710648482481        2.3144450763137508E-002
   4.7500000000000000        7.8503623145120853       0.15052710648482479        2.3144450763137654E-002
   5.0000000000000000        7.8503623145120853       0.15052710648482481        2.3144450763137668E-002
   5.2500000000000000        7.8503623145120853       0.15052710648482481        2.3144450763137668E-002
   5.5000000000000000        7.8503623145120853       0.15052710648482481        2.3144450763137668E-002
   5.7500000000000000        7.8503623145120853       0.15052710648482481        2.3144450763137668E-002
   6.0000000000000000        7.8503623145120853       0.15052710648482481        2.3144450763137668E-002
   6.2500000000000000        7.8503623145120853       0.15052710648482481        2.3144450763137668E-002
   6.5000000000000000        7.8503623145120853       0.15052710648482481        2.3144450763137668E-002
   6.7500000000000000        7.8503623145120853       0.15052710648482481        2.3144450763137668E-002
   7.0000000000000000        7.8503623145120853       0.15052710648482481        2.3144450763137668E-002
   7.2500000000000000        7.8503623145120853       0.15052710648482481        2.3144450763137668E-002
   7.5000000000000000        7.8503623145120853       0.15052710648482481        2.3144450763137668E-002
   7.7500000000000000        7.8503623145120853       0.15052710648482481        2.3144450763137668E-002
   8.0000000000000000        7.8503623145120853       0.15052710648482481        2.3144450763137668E-002
   8.2500000000000000        7.8503623145120853       0.15052710648482481        2.3144450763137668E-002
   8.5000000000000000        7.8503623145120853       0.15052710648482481        2.3144450763137668E-002
   8.7500000000000000        7.8503623145120853       0.15052710648482481        2.3144450763137668E-002
   9.0000000000000000        7.8503623145120853       0.15052710648482481        2.3144450763137668E-002
   9.2500000000000000        7.8503623145120853       0.15052710648482481        2.3144450763137668E-002
   9.5000000000000000        7.8503623145120853       0.15052710648482481        2.3144450763137668E-002
   9.7500000000000000        7.8503623145120853       0.15052710648482481        2.3144450763137668E-002
   10.000000000000000        7.8503623145120853       0.15052710648482481        2.3144450763137668E-002
