   0.0000000000000000        29.000000000000195     
   5.0000000000000003E-002   3.9681046525261237     
  0.10000000000000001        3.1049145309018211     
  0.15000000000000002        2.9905386441344115     
  0.20000000000000001        2.9666924924953122     
  0.25000000000000000        2.9611343705242787     
  0.30000000000000004        2.9597918724295074     
  0.35000000000000003        2.9594632941535717     
  0.40000000000000002        2.9593824516254021     
  0.45000000000000001        2.9593625181598111     
  0.50000000000000000        2.9593575990019225     
  0.55000000000000004        2.9593563841178869     
  0.60000000000000009        2.9593560847602167     
  0.65000000000000002        2.9593560098044565     
  0.70000000000000007        2.9593559931288764     
  0.75000000000000000        2.9593559857600220     
  0.80000000000000004        2.9593559901066282     
  0.85000000000000009        2.9593559807501086     
  0.90000000000000002        2.9593559973352543     
  0.95000000000000007        2.9593559731493455     
   1.0000000000000000        3.4697867298578204     
