   0.0000000000000000                       Infinity   2.3637159739351567E-310   0.0000000000000000     
  0.50000000000000000        3.4637831695507639       0.50353365148189011       0.21483197731511622     
   1.0000000000000000        3.3505796268195462       0.70920497223710166       0.41074914925186345     
   1.5000000000000000        3.6401106468267401       0.82194897107193921       0.54723204704883344     
   2.0000000000000000        3.9649129094124045       0.87543495873544885       0.62322260934788087     
   2.5000000000000000        4.1898459314656868       0.89728810368758460       0.65861584309441734     
   3.0000000000000000        4.3053816742659485       0.90512585429006742       0.67285840957612197     
   3.5000000000000000        4.3532634620543806       0.90763640808962998       0.67792368596366825     
   4.0000000000000000        4.3702030623309716       0.90836443476866524       0.67954211559097888     
   4.5000000000000000        4.3755032133671996       0.90855760526687968       0.68001246400290083     
   5.0000000000000000        4.3770015073314896       0.90860490158507612       0.68013799374303008     
   5.5000000000000000        4.3773893700831188       0.90861566123696480       0.68016899692274779     
   6.0000000000000000        4.3774821763339755       0.90861794859529321       0.68017612753973078     
   6.5000000000000000        4.3775028467400015       0.90861840518652615       0.68017766282476699     
   7.0000000000000000        4.3775071563887185       0.90861849112126847       0.68017797365905075     
   7.5000000000000000        4.3775080014558929       0.90861850642542363       0.68017803306308711     
   8.0000000000000000        4.3775081579249147       0.90861850901249519       0.68017804381550206     
   8.5000000000000000        4.3775081853751736       0.90861850942875710       0.68017804566425699     
   9.0000000000000000        4.3775081899533097       0.90861850949267864       0.68017804596708875     
   9.5000000000000000        4.3775081906713638       0.90861850950195877       0.68017804601384058     
   10.000000000000000        4.3775081908427786       0.90861850950403944       0.68017804602486653     
